30 110 259
1 2 4
1 8 2
1 19 2
1 22 1
1 23 5
1 28 2
2 5 4
2 7 1
2 13 3
2 15 3
2 18 5
2 26 2
2 28 2
2 29 5
3 5 3
3 17 2
3 19 3
3 22 5
3 25 1
4 7 5
4 10 5
4 19 1
4 23 2
4 25 4
4 26 4
5 12 4
5 16 1
5 17 3
5 22 3
5 26 3
6 19 2
6 20 2
6 21 5
6 25 5
7 11 1
7 19 4
7 20 5
7 24 5
7 30 2
8 9 3
8 13 3
8 22 4
8 25 3
8 27 5
8 29 2
9 11 5
9 17 1
9 20 4
9 22 5
9 27 2
10 15 4
10 17 2
10 23 2
10 26 4
10 27 3
10 30 1
11 16 2
11 22 2
11 23 5
11 29 2
11 30 5
12 21 1
12 22 5
13 17 2
13 19 4
13 23 3
13 24 2
13 28 1
14 17 5
14 20 5
14 25 5
14 26 4
14 30 4
15 16 4
15 26 1
16 20 5
16 22 1
16 25 3
16 28 3
17 20 4
17 22 3
17 27 3
18 20 4
18 23 4
18 24 4
18 26 3
18 27 3
18 30 5
19 21 2
19 22 4
19 26 3
20 21 5
20 23 2
20 26 3
20 27 5
21 25 1
21 30 5
22 25 3
22 27 5
22 29 5
22 30 1
23 25 2
23 28 2
23 29 2
24 25 1
25 27 2
25 28 2
26 27 2
28 29 5
28 30 2
